0	0.37123232664087563
1	0.8221606321398023
2	0.41381685030363374
3	0.7024665512903903
4	0.09317131799548933
5	0.7024665512903903
6	0.2761954276479391
7	0.5731163960931138
8	0.41381685030363374
9	0.7809600944143527
10	0.6125608863913521
11	0.41381685030363374
12	0.0
13	0.0
14	0.0
15	0.0
16	0.0
17	0.0
18	0.0
19	0.0
20	0.0
21	0.0
22	0.0
23	0.0
24	0.0
25	0.0
26	0.0
27	0.0
28	0.0
29	0.0
30	0.0
31	0.0
32	0.0
33	0.0
34	0.0
35	0.0
36	0.0
37	0.0
38	0.0
39	0.0
40	0.0
41	0.863120568566631
42	0.0
43	0.0
44	0.49123734182433315
45	0.0
46	0.0
47	0.863120568566631
48	0.1623261801753929
49	0.3238144752669867
50	1.5332264556236583
51	0.5266170655714281
52	0.09317131799548933
53	0.0
54	0.0
55	0.4176624996157581
56	0.0
57	0.0
58	0.8468781063424822
59	0.0
60	0.7075696535050607
61	0.0
62	0.0
63	0.222284830685688
64	0.5266170655714281
65	1.4609316743089762
66	1.4016900114287718
67	1.5165886358859533
68	0.6175974972178688
69	0.0
70	0.0
71	0.0
72	0.0
73	0.5600443203590992
74	1.354059920588722
75	1.3266578948011136
76	1.4609316743089762
77	0.6500224216483541
78	0.222284830685688
79	0.0
80	0.0
81	0.0
82	0.0
83	0.0
84	0.0
85	0.0
86	0.0
87	0.0
88	0.0
89	0.0
90	0.0
91	0.0
92	0.9897525351939972
93	0.9402859586706311
94	1.0258114470632234
95	1.3293344722206872
96	0.3255517134879514
97	0.0
98	0.8803269813711176
99	0.18613570398491672
100	0.0
101	0.3255517134879514
102	1.3421389558735095
103	1.0258114470632234
104	0.6500224216483541
105	0.0
106	0.0
107	0.0
108	0.0
109	1.244150612607413
110	1.2178139117322224
111	0.0
112	0.09317131799548933
113	0.0
114	0.0
115	0.3255517134879514
116	0.1623261801753929
117	0.31482771928885017
118	0.38334639172930074
119	0.1623261801753929
120	0.676941869780886
121	0.996316519558962
122	0.0
123	0.0
124	0.0
125	1.2178139117322224
126	1.0896214460437688
127	0.8783609387702276
128	0.0
129	0.0
130	0.5266170655714281
131	1.0843152367256639
132	0.3255517134879514
133	0.1623261801753929
134	0.9059282160429991
135	0.0
136	0.0
137	0.0
138	0.09317131799548933
139	0.8926230133850986
140	0.5824498743320569
141	0.9801069287123572
142	0.222284830685688
143	0.1623261801753929
144	0.0
145	0.0
146	0.0
147	0.0
148	0.222284830685688
149	1.4414211406325808
150	0.0
151	0.0
152	0.0
153	0.0
154	0.0
155	0.0
156	0.222284830685688
157	0.0
158	0.6496207821689737
159	0.0
160	0.0
161	0.0
162	0.0
163	0.0
164	0.09317131799548933
165	0.998363672593813
166	0.9736680645496201
167	0.0
168	0.0
169	0.0
170	0.0
171	0.0
172	1.8063579129130556
173	0.676941869780886
174	0.0
175	0.0
176	1.0637090224491255
177	0.5916727785823275
178	0.0
179	0.0
180	0.0
181	0.0
182	0.09317131799548933
183	0.0
184	0.1623261801753929
185	0.09317131799548933
186	0.5824498743320569
187	0.5095530881603768
188	0.49123734182433315
189	0.0
190	0.2550811104733483
191	0.0
192	0.0
193	1.4414211406325808
194	0.222284830685688
195	0.0
196	0.0
197	1.2606945063674475
198	0.0
199	0.0
200	0.0
201	0.0
202	0.0
203	0.5916727785823275
204	0.0
205	0.0
206	0.0
207	0.0
208	0.0
209	0.0
210	0.0
211	0.0
212	0.1623261801753929
213	0.0
214	0.0
215	0.0
216	0.0
217	0.09317131799548933
218	0.0
219	1.0932204908200378
220	0.0
221	0.0
222	0.0
223	0.0
224	0.0
225	0.2761954276479391
226	0.0
227	0.0
228	0.0
229	0.0
230	0.0
231	0.0
232	0.0
233	0.0
234	0.0
235	0.0
236	0.0
237	0.0
238	0.222284830685688
239	0.0
240	0.0
241	0.0
242	0.0
243	0.0
244	0.09317131799548933
245	0.0
246	0.3685236238979135
247	0.0
248	0.0
249	0.0
250	0.0
251	0.0
252	0.0
253	0.2761954276479391
254	0.09317131799548933
255	0.0
256	0.0
257	0.0
258	0.09317131799548933
259	0.0
260	0.0
261	0.0
262	0.0
263	0.0
264	0.0
265	0.0
266	0.0
267	0.0
268	0.0
269	0.0
270	1.0803351817348947
271	0.0
272	0.0
273	0.0
274	0.09317131799548933
275	0.0
276	0.0
277	0.0
278	0.0
279	0.0
280	0.1623261801753929
281	0.1623261801753929
282	0.0
283	0.7266645172796349
284	0.0
285	0.0
286	0.9852281360342515
287	0.1623261801753929
288	0.0
289	0.0
290	0.0
291	0.0
292	0.09317131799548933
293	0.0
294	0.0
295	0.0
296	0.0
297	0.0
298	0.09317131799548933
299	0.6500224216483541
300	0.0
301	0.09317131799548933
302	0.0
303	0.0
304	0.0
305	0.0
306	0.8112781244591328
307	0.0
308	0.0
309	0.0
310	0.0
311	0.0
312	0.1623261801753929
313	0.0
314	0.0
315	0.0
316	0.0
317	0.0
318	0.37123232664087563
319	0.09317131799548933
320	0.0
321	1.3120299173782202
322	0.0
323	0.0
324	0.0
325	0.09317131799548933
326	0.0
327	0.0
328	0.0
329	0.0
330	0.0
331	0.0
332	0.0
333	0.09317131799548933
334	0.8112781244591328
335	0.0
336	0.0
337	0.0
338	0.0
339	0.0
340	0.0
341	0.5916727785823275
342	1.0137222116512967
343	0.8468781063424822
344	0.0
345	0.0
346	0.0
347	0.0
348	0.0
349	0.0
350	0.0
351	0.0
352	0.0
353	0.998363672593813
354	0.7713111060849784
355	0.0
356	0.18613570398491672
357	0.0
358	0.0
359	0.2761954276479391
360	1.4832177559316455
361	1.172074442912072
362	1.185164360422156
363	0.49123734182433315
364	0.0
365	0.0
366	0.0
367	0.0
368	1.8849144666025923
369	1.2967335526355241
370	1.815915757281611
371	0.8296071030882031
372	0.0
373	0.0
374	0.0
375	0.0
376	0.7713111060849784
377	0.998363672593813
378	0.0
379	0.0
380	0.0
381	0.0
382	0.0
383	0.0
384	0.0
385	0.0
386	0.0
387	0.0
388	0.0
389	0.222284830685688
390	0.863120568566631
391	0.5600443203590992
392	0.0
393	0.222284830685688
394	0.0
395	0.0
396	0.0
397	0.0
398	0.0
399	0.0
400	0.0
401	0.7703925899303169
402	0.0
403	0.0
404	0.0
405	0.0
406	0.0
407	0.0
408	0.0
409	0.0
410	0.1623261801753929
411	0.0
412	0.0
413	0.0
414	0.0
415	0.0
416	0.0
417	0.0
418	0.0
419	0.0
420	0.0
421	0.09317131799548933
422	0.0
423	0.0
424	0.0
425	0.0
426	0.0
427	0.09317131799548933
428	0.0
429	0.0
430	0.0
431	0.0
432	0.0
433	0.0
434	0.09317131799548933
435	0.09317131799548933
436	0.0
437	0.0
438	0.0
439	0.1623261801753929
440	0.0
441	0.0
442	0.7174865502806329
443	0.0
444	0.0
445	0.09317131799548933
446	0.0
447	0.0
448	0.0
449	0.0
450	0.0
451	0.0
452	0.0
453	0.0
454	0.0
455	0.0
456	0.0
457	0.0
458	0.0
459	0.0
460	0.0
461	0.0
462	0.0
463	0.0
464	0.0
465	0.09317131799548933
466	0.0
467	0.0
468	0.0
469	0.0
470	0.09317131799548933
471	0.0
472	0.0
473	0.0
474	0.0
475	0.5600443203590992
476	0.0
477	0.5824498743320569
478	0.7918583525674836
479	0.5266170655714281
480	0.0
481	0.0
482	0.0
483	0.0
484	0.0
485	0.5916727785823275
486	0.37123232664087563
487	0.18613570398491672
488	0.7918583525674836
489	0.0
490	0.5731163960931138
491	0.9345155093761126
492	0.6024094938973384
493	0.5266170655714281
494	0.0
495	0.0
496	0.0
497	0.09317131799548933
498	0.7266645172796349
499	0.2761954276479391
500	0.0
501	0.0
502	0.0
503	0.0
504	0.0
505	0.0
506	0.0
507	0.0
508	0.0
509	0.0
510	0.0
511	0.1623261801753929
512	0.09317131799548933
513	0.37123232664087563
514	0.222284830685688
515	0.0
516	0.0
517	0.0
518	0.0
519	0.0
520	0.0
521	0.09317131799548933
522	0.0
523	0.0
524	0.9798687566511528
525	0.37123232664087563
526	0.09317131799548933
527	0.1623261801753929
528	0.0
529	0.0
530	0.0
531	0.0
532	0.0
533	0.0
534	0.0
535	0.7918583525674836
536	0.3685236238979135
537	0.7266645172796349
538	0.09317131799548933
539	0.863120568566631
540	0.0
541	0.0
542	0.0
543	0.3148277192888502
544	0.8471590305934913
545	0.9654209649005782
546	0.9322049587737147
547	0.09317131799548933
548	0.996316519558962
549	0.0
550	0.0
551	1.015586780212964
552	0.0
553	0.0
554	0.0
555	0.0
556	0.0
557	0.9059282160429991
558	0.222284830685688
559	0.37123232664087563
560	0.0
561	0.0
562	0.222284830685688
563	0.0
564	0.0
565	0.0
566	1.0023782858482428
567	0.1623261801753929
568	0.5916727785823275
569	0.0
570	0.0
571	0.0
572	0.0
573	0.0
574	0.0
575	0.0
576	0.0
577	0.0
578	0.0
579	0.0
580	0.6315326488131772
581	0.1623261801753929
582	0.0
583	0.0
584	0.0
585	0.0
586	0.0
587	0.09317131799548933
588	0.0
589	0.0
590	0.0
591	0.0
592	0.0
593	0.0
594	0.0
595	0.0
596	0.09317131799548933
597	0.0
598	0.0
599	0.0
600	0.0
601	0.0
602	0.09317131799548933
603	0.0
604	0.0
605	0.0
606	0.6315326488131772
607	0.09317131799548933
608	0.0
609	0.0
610	0.09317131799548933
611	0.0
612	0.0
613	0.0
614	0.0
615	0.0
616	0.09317131799548933
617	0.0
618	0.0
619	0.6734303059784976
620	0.0
621	0.0
622	0.0
623	0.0
624	0.0
625	0.0
626	0.18613570398491672
627	0.0
628	0.0
629	0.0
630	0.0
631	0.0
632	0.0
633	0.5916727785823275
634	0.1623261801753929
635	0.9136412876714624
636	0.0
637	0.0
638	0.0
639	0.0
640	0.0
641	0.41381685030363374
642	0.222284830685688
643	0.9059282160429991
644	0.0
645	0.41381685030363374
646	0.0
647	0.0
648	0.0
649	0.0
650	0.0
651	0.0
652	0.5916727785823275
653	0.0
654	0.0
655	0.09317131799548933
656	0.0
657	0.0
658	0.5266170655714281
659	1.0282332225645807
660	0.5824498743320569
661	0.0
662	0.0
663	0.0
664	0.0
665	0.0
666	0.0
667	0.0
668	0.0
669	0.0
670	0.0
671	0.0
672	0.0
673	0.0
674	0.0
675	0.09317131799548933
676	0.0
677	0.0
678	0.0
679	0.09317131799548933
680	0.09317131799548933
681	0.0
682	0.09317131799548933
683	0.09317131799548933
684	0.0
685	0.0
686	0.0
687	0.0
688	0.0
689	0.0
690	0.0
691	0.0
692	0.0
693	0.0
694	0.0
695	0.0
696	0.0
697	0.0
698	0.0
699	0.0
700	0.09317131799548933
701	0.0
702	0.09317131799548933
703	0.0
704	0.0
705	0.0
706	0.0
707	0.0
708	0.0
709	0.0
710	0.09317131799548933
711	0.0
712	0.0
713	0.0
714	0.0
715	0.0
716	0.0
717	0.2550811104733483
718	0.1623261801753929
719	0.8159259920774067
720	0.0
721	0.0
722	0.0
723	0.222284830685688
724	0.0
725	0.2761954276479391
726	0.0
727	0.0
728	0.09317131799548933
729	0.863120568566631
730	0.0
731	0.222284830685688
732	0.0
733	0.0
734	0.0
735	0.0
736	0.0
737	0.0
738	0.2761954276479391
739	0.0
740	0.0
741	0.0
742	0.0
743	0.0
744	0.0
745	0.09317131799548933
746	0.222284830685688
747	0.0
748	0.863120568566631
749	0.0
750	0.09317131799548933
751	0.0
752	0.2761954276479391
753	0.0
754	0.6315326488131772
755	1.1233819272796794
756	0.0
757	0.09317131799548933
758	0.0
759	0.0
760	0.0
761	0.0
762	0.0
763	0.09317131799548933
764	0.09317131799548933
765	0.7024665512903903
766	0.5266170655714281
767	0.09317131799548933
768	0.0
769	0.0
770	0.0
771	0.0
772	0.8159259920774067
773	0.1623261801753929
774	0.2550811104733483
775	0.0
776	0.0
777	0.0
778	0.0
779	0.0
780	0.0
781	0.0
782	0.09317131799548933
783	0.0
784	0.3148277192888502
785	0.09317131799548933
786	0.0
787	0.0
788	0.09317131799548933
789	0.0
790	0.09317131799548933
791	0.0
792	0.8600481042617588
793	0.0
794	0.0
795	0.0
796	0.0
797	0.0
798	0.0
799	0.7918583525674836
800	0.6500224216483541
801	0.0
802	0.0
803	0.0
804	0.0
805	0.0
806	0.0
807	0.0
808	0.0
809	0.0
810	0.0
811	0.0
812	0.0
813	0.0
814	0.0
815	0.0
816	0.09317131799548933
817	0.0
818	0.0
819	0.0
820	0.0
821	0.0
822	0.0
823	0.0
824	0.0
825	0.0
826	0.0
827	0.0
828	0.0
829	0.0
830	0.0
831	0.0
832	0.09317131799548933
833	0.0
834	0.0
835	0.0
836	0.0
837	0.0
838	0.0
839	0.0
840	0.0
841	0.0
842	0.0
843	0.0
844	0.0
845	0.09317131799548933
846	0.0
847	0.09317131799548933
848	0.0
849	0.09317131799548933
850	0.0
851	0.0
852	0.0
853	0.0
854	0.0
855	0.0
856	0.0
857	0.0
858	0.0
859	0.0
860	0.0
861	0.09317131799548933
862	0.09317131799548933
863	0.0
864	0.0
865	0.0
866	0.0
867	0.0
868	0.0
869	0.0
870	0.2550811104733483
871	0.0
872	0.37123232664087563
873	0.0
874	0.0
875	0.0
876	0.0
877	0.0
878	0.0
879	0.0
880	0.09317131799548933
881	0.0
882	0.09317131799548933
883	0.0
884	0.0
885	0.0
886	0.41381685030363374
887	0.0
888	0.0
889	0.0
890	0.0
891	0.0
892	0.0
893	0.0
894	0.9059282160429991
895	1.0420399429347815
896	1.5368494389656329
897	1.183918405335785
898	0.0
899	0.0
900	0.0
901	0.485743564350853
902	1.2390862236496192
903	0.676941869780886
904	0.41381685030363374
905	1.1368403872094996
906	0.5266170655714281
907	0.3255517134879514
908	0.0
909	0.09317131799548933
910	0.09317131799548933
911	0.0
912	0.2761954276479391
913	0.5266170655714281
914	0.485743564350853
915	0.41381685030363374
916	0.0
917	1.1681609198076495
918	0.4368248862161963
919	0.0
920	0.0
921	0.09317131799548933
922	0.09317131799548933
923	0.0
924	0.0
925	0.0
926	0.0
927	0.0
928	0.0
929	0.0
930	0.7713111060849784
931	0.0
932	1.183918405335785
933	1.5340195985348686
934	1.0420399429347815
935	0.9059282160429991
936	0.9897525351939972
937	0.0
938	0.0
939	0.0
940	0.0
941	0.09317131799548933
942	0.0
943	0.0
944	0.0
945	0.0
946	0.0
947	0.09317131799548933
948	0.0
949	0.0
950	0.2761954276479391
951	0.0
952	0.0
953	0.8296071030882031
954	0.0
955	0.0
956	0.0
957	0.0
958	0.0
959	0.0
960	0.0
961	0.0
962	0.0
963	0.0
964	0.0
965	0.0
966	0.0
967	0.09317131799548933
968	0.0
969	0.0
970	0.0
971	0.0
972	0.0
973	0.0
974	0.0
975	0.0
976	0.09317131799548933
977	0.0
978	0.0
979	0.09317131799548933
980	0.0
981	0.41381685030363374
982	0.09317131799548933
983	0.0
984	0.0
985	0.0
986	0.0
987	0.0
988	0.0
989	0.0
990	0.0
991	0.0
992	0.41381685030363374
993	0.0
994	0.0
995	0.0
996	0.09317131799548933
997	0.0
998	0.0
999	0.0
1000	0.0
1001	0.0
1002	0.09317131799548933
1003	0.0
1004	0.0
1005	0.222284830685688
1006	0.0
1007	0.0
1008	0.0
1009	0.0
1010	0.0
1011	0.2761954276479391
1012	0.0
1013	0.8926230133850986
1014	0.7075696535050607
1015	0.6216297820565386
1016	0.09317131799548933
1017	0.0
1018	0.0
1019	0.0
1020	0.0
1021	0.0
1022	0.0
1023	0.0
1024	0.0
1025	0.37123232664087563
1026	0.0
1027	0.09317131799548933
1028	0.676941869780886
1029	0.09317131799548933
1030	1.4523339930011185
1031	0.49591919497315473
1032	0.8060026357093609
1033	0.09317131799548933
1034	0.0
1035	0.0
1036	0.0
1037	0.3148277192888502
1038	0.0
1039	0.0
1040	0.0
1041	0.0
1042	0.0
1043	0.0
1044	0.4176624996157581
1045	0.222284830685688
1046	0.09317131799548933
1047	0.0
1048	0.0
1049	0.0
1050	0.0
1051	0.0
1052	0.1623261801753929
1053	0.0
1054	0.0
1055	0.0
1056	0.0
1057	0.0
1058	0.1623261801753929
1059	0.1623261801753929
1060	0.3238144752669867
1061	0.0
1062	0.0
1063	0.0
1064	0.0
1065	0.0
1066	0.0
1067	0.0
1068	0.1623261801753929
1069	0.0
1070	0.0
1071	0.0
1072	0.0
1073	0.0
1074	0.0
1075	0.0
1076	0.09317131799548933
1077	0.0
1078	0.0
1079	0.0
1080	0.0
1081	0.49123734182433315
1082	0.0
1083	0.0
1084	0.0
1085	0.0
1086	0.0
1087	0.0
1088	0.0
1089	0.09317131799548933
1090	0.8296071030882031
1091	0.0
1092	0.0
1093	0.37123232664087563
1094	0.0
1095	0.0
1096	0.0
1097	0.0
1098	0.0
1099	0.0
1100	0.09317131799548933
1101	0.0
1102	0.0
1103	0.0
1104	0.0
1105	0.0
1106	0.0
1107	0.09317131799548933
1108	0.0
1109	0.0
1110	0.0
1111	0.0
1112	0.0
1113	0.0
1114	0.0
1115	0.0
1116	0.0
1117	0.0
1118	0.0
1119	0.0
1120	0.0
1121	0.0
1122	0.0
1123	0.0
1124	0.0
1125	0.0
1126	0.0
1127	0.0
1128	0.0
1129	0.0
1130	0.0
1131	0.0
1132	0.0
1133	0.0
1134	0.0
1135	0.222284830685688
1136	1.4701429793353156
1137	0.37123232664087563
1138	1.8030074660991144
1139	0.1623261801753929
1140	0.0
1141	0.0
1142	0.0
1143	0.5916727785823275
1144	0.49123734182433315
1145	0.5916727785823275
1146	0.9402859586706311
1147	0.0
1148	0.9923907776163855
1149	0.49123734182433315
1150	0.0
1151	0.0
1152	1.2552697296279063
1153	0.09317131799548933
1154	0.9980571263304278
1155	1.409975018822061
1156	1.0953995130443777
1157	1.865127188233605
1158	0.09317131799548933
1159	0.5916727785823275
1160	0.1623261801753929
1161	0.0
1162	1.576768833906928
1163	1.0420399429347815
1164	1.409975018822061
1165	0.996316519558962
1166	1.0773027447960324
1167	0.46312291518549437
1168	0.0
1169	0.0
1170	1.1779653169582593
1171	0.0
1172	0.0
1173	0.0
1174	0.0
1175	1.107784384952517
1176	0.676941869780886
1177	1.219359344059706
1178	1.4306493462184762
1179	0.0
1180	0.0
1181	0.9402859586706311
1182	1.690585540142762
1183	0.4537163391869448
1184	1.4701429793353156
1185	0.1623261801753929
1186	0.0
1187	0.0
1188	0.1623261801753929
1189	0.0
1190	0.0
1191	0.0
1192	0.0
1193	0.0
1194	0.0
1195	0.1623261801753929
1196	0.0
1197	0.0
1198	0.09317131799548933
1199	0.6500224216483541
1200	0.0
1201	1.8625664883323463
1202	0.4537163391869448
1203	0.8112781244591328
1204	0.0
1205	0.0
1206	0.0
1207	0.0
1208	0.0
1209	0.09317131799548933
1210	0.0
1211	0.0
1212	0.0
1213	0.0
1214	0.0
1215	0.0
1216	0.8112781244591328
1217	0.4537163391869448
1218	1.8107327278278436
1219	0.0
1220	0.6500224216483541
1221	0.09317131799548933
1222	0.0
1223	0.0
1224	0.0
1225	0.0
1226	0.0
1227	0.4537163391869448
1228	0.0
1229	0.0
1230	0.0
1231	0.0
1232	0.0
1233	0.0
1234	0.0
1235	0.0
1236	0.0
1237	0.0
1238	0.0
1239	0.0
1240	0.0
1241	0.0
1242	0.0
1243	0.0
1244	0.0
1245	0.5916727785823275
1246	0.0
1247	0.0
1248	0.0
1249	0.0
1250	0.0
1251	0.09317131799548933
1252	0.0
1253	0.31482771928885017
1254	0.09317131799548933
1255	0.09317131799548933
1256	0.0
1257	0.0
1258	0.0
1259	0.4537163391869448
1260	0.0
1261	0.0
1262	0.0
1263	0.0
1264	0.0
1265	0.0
1266	0.0
1267	0.0
1268	0.0
1269	0.0
1270	0.0
1271	0.0
1272	0.0
1273	0.0
1274	0.0
1275	0.0
1276	0.0
1277	0.0
1278	0.0
1279	0.0
1280	0.0
1281	0.0
