pgroup	count	dist	50	75	90	95	99
0	499950	3.655	2.373	2.910	3.440	3.820	5.725
1	499950	5.420	3.186	3.775	4.711	5.797	8.729
2	499950	8.101	3.992	5.118	6.611	8.407	12.897
3	499950	9.731	3.947	4.881	6.241	7.956	15.636
4	499950	10.588	3.785	4.595	5.697	6.757	11.228
5	499950	11.235	3.992	4.820	5.828	6.832	10.543
6	499950	11.790	4.113	5.013	6.166	7.039	10.030
7	499950	12.261	4.256	5.235	6.453	7.281	9.981
8	499950	12.681	4.448	5.406	6.601	7.373	10.154
9	499950	13.059	4.567	5.565	6.828	7.529	10.457
10	499950	13.420	4.609	5.740	7.013	7.680	10.992
11	499950	13.773	4.629	5.901	7.148	7.805	11.381
12	499950	14.118	4.595	5.948	7.187	7.906	11.955
13	499950	14.445	4.516	5.938	7.194	8.008	11.899
14	499950	14.731	4.431	5.761	7.107	7.961	11.775
15	499950	14.992	4.377	5.569	6.980	7.833	11.430
16	499950	15.210	4.291	5.374	6.847	7.694	11.459
17	499950	15.420	4.205	5.290	6.775	7.593	11.227
18	499950	15.622	4.154	5.243	6.738	7.531	11.096
19	499950	15.815	4.162	5.260	6.773	7.561	11.143
20	499950	16.017	4.206	5.304	6.795	7.586	11.170
21	499950	16.218	4.273	5.351	6.839	7.639	11.166
22	499950	16.420	4.332	5.390	6.884	7.717	11.544
23	499950	16.630	4.376	5.422	6.916	7.786	12.061
24	499950	16.832	4.420	5.460	6.940	7.856	12.431
25	499950	17.025	4.464	5.481	6.968	7.917	12.531
26	499950	17.227	4.483	5.446	6.967	7.940	12.794
27	499950	17.420	4.486	5.414	6.987	7.981	12.629
28	499951	17.613	4.467	5.372	7.017	8.051	12.895
29	499949	17.798	4.432	5.341	7.018	8.080	13.104
30	499950	17.983	4.396	5.309	7.009	8.091	13.488
31	499950	18.160	4.372	5.294	7.066	8.158	14.008
32	499950	18.336	4.330	5.260	7.067	8.147	14.109
33	499950	18.513	4.289	5.229	7.085	8.174	14.162
34	499950	18.681	4.243	5.172	7.079	8.153	14.108
35	499950	18.840	4.209	5.122	7.048	8.135	14.024
36	499950	19.000	4.182	5.076	6.992	8.093	13.916
37	499950	19.160	4.157	5.035	6.957	8.127	13.913
38	499950	19.311	4.126	4.989	6.926	8.080	13.830
39	499950	19.454	4.108	4.962	6.921	8.071	13.885
40	499950	19.597	4.092	4.953	6.918	8.047	13.793
41	499950	19.731	4.076	4.929	6.857	8.014	13.932
42	499950	19.874	4.066	4.910	6.825	7.994	14.170
43	499950	20.008	4.051	4.881	6.741	7.943	13.919
44	499950	20.134	4.038	4.852	6.655	7.908	14.055
45	499950	20.269	4.042	4.852	6.615	7.881	13.975
46	499950	20.395	4.043	4.864	6.612	7.890	13.913
47	499950	20.529	4.044	4.857	6.572	7.888	13.896
48	499950	20.655	4.049	4.863	6.556	7.881	13.827
49	499950	20.782	4.041	4.855	6.501	7.846	13.799
50	499950	20.916	4.032	4.853	6.477	7.854	13.879
51	499950	21.034	4.024	4.855	6.438	7.820	13.675
52	499950	21.160	4.002	4.840	6.428	7.841	13.524
53	499950	21.277	3.987	4.819	6.378	7.822	13.379
54	499950	21.395	3.979	4.815	6.370	7.858	13.498
55	499950	21.513	3.957	4.794	6.329	7.845	13.499
56	499951	21.622	3.930	4.763	6.222	7.788	13.433
57	499950	21.731	3.911	4.755	6.225	7.796	13.614
58	499949	21.832	3.896	4.739	6.163	7.757	13.575
59	499950	21.933	3.889	4.738	6.137	7.745	13.655
60	499950	22.034	3.886	4.742	6.120	7.714	13.756
61	499950	22.134	3.886	4.747	6.127	7.711	13.832
62	499950	22.235	3.894	4.758	6.130	7.712	13.676
63	499950	22.336	3.908	4.774	6.150	7.736	14.182
64	499950	22.437	3.920	4.786	6.162	7.766	14.256
65	499950	22.529	3.935	4.794	6.143	7.770	13.931
66	499950	22.630	3.969	4.830	6.198	7.840	14.346
67	499950	22.731	3.995	4.853	6.233	7.886	14.835
68	499950	22.832	4.021	4.874	6.265	7.956	15.058
69	499950	22.933	4.050	4.896	6.273	7.970	14.938
70	499950	23.025	4.071	4.909	6.289	7.980	15.431
71	499950	23.126	4.105	4.933	6.337	8.004	14.839
72	499950	23.227	4.133	4.955	6.356	8.083	15.399
73	499950	23.328	4.159	4.972	6.389	8.099	15.358
74	499950	23.437	4.194	4.996	6.428	8.143	15.356
75	499950	23.538	4.212	5.017	6.485	8.208	15.713
76	499950	23.647	4.263	5.056	6.573	8.266	15.497
77	499950	23.756	4.295	5.092	6.648	8.335	15.657
78	499950	23.874	4.323	5.124	6.734	8.430	15.876
79	499950	23.983	4.355	5.156	6.758	8.472	15.726
80	499950	24.109	4.387	5.188	6.883	8.628	16.133
81	499950	24.235	4.429	5.227	6.959	8.684	16.048
82	499950	24.361	4.473	5.280	7.107	8.891	16.581
83	499950	24.496	4.508	5.310	7.220	9.040	16.849
84	499950	24.639	4.542	5.362	7.319	9.331	16.794
85	499950	24.790	4.563	5.388	7.432	9.616	16.970
86	499950	24.941	4.585	5.418	7.530	9.903	17.038
87	499950	25.101	4.595	5.419	7.581	10.081	17.036
88	499950	25.269	4.597	5.426	7.728	10.584	17.273
89	499950	25.437	4.600	5.443	7.850	10.955	17.358
90	499950	25.622	4.591	5.475	8.069	11.474	17.516
91	499950	25.815	4.601	5.536	8.499	12.013	17.566
92	499950	26.042	4.623	5.599	8.997	12.454	17.605
93	499950	26.303	4.655	5.742	9.693	13.105	18.027
94	499950	26.597	4.697	5.979	10.733	13.970	18.901
95	499950	26.958	4.764	6.357	11.846	14.557	19.360
96	499950	27.445	4.882	7.236	12.670	14.853	20.037
97	499950	28.218	5.553	10.255	14.305	16.566	22.245
98	499950	30.630	10.757	14.290	18.358	20.745	23.908
99	499949	75.378	15.657	19.369	22.640	25.860	35.098
